	SZMB12	SZMB7	SZMB6	SZMB5	SZMB9	SZMB10
SZMB12	0.0	0.626896250433	0.649969200818	0.675441350135	0.686774977692	0.703991025722
SZMB7	0.626896250433	0.0	0.634753666401	0.645721852135	0.690752133638	0.626767742028
SZMB6	0.649969200818	0.634753666401	0.0	0.384056125083	0.673394651076	0.583691329136
SZMB5	0.675441350135	0.645721852135	0.384056125083	0.0	0.664644581414	0.560277623384
SZMB9	0.686774977692	0.690752133638	0.673394651076	0.664644581414	0.0	0.690572449757
SZMB10	0.703991025722	0.626767742028	0.583691329136	0.560277623384	0.690572449757	0.0