	SZMB12	SZMB7	SZMB6	SZMB5	SZMB9	SZMB10
SZMB12	0.0	0.383870250804	0.441360316249	0.437810275969	0.426951601982	0.467546984082
SZMB7	0.383870250804	0.0	0.432706386148	0.439183522038	0.457654090465	0.456109686998
SZMB6	0.441360316249	0.432706386148	0.0	0.333519891112	0.456963895865	0.467699628183
SZMB5	0.437810275969	0.439183522038	0.333519891112	0.0	0.441312348501	0.44988792192
SZMB9	0.426951601982	0.457654090465	0.456963895865	0.441312348501	0.0	0.482572684766
SZMB10	0.467546984082	0.456109686998	0.467699628183	0.44988792192	0.482572684766	0.0