	SZMB12	SZMB7	SZMB6	SZMB5	SZMB9	SZMB10
SZMB12	0.0	0.239884701918	0.199313461695	0.268264508402	0.216557151724	0.253579534864
SZMB7	0.239884701918	0.0	0.170552363122	0.218037105625	0.248012243415	0.25645392608
SZMB6	0.199313461695	0.170552363122	0.0	0.161169311162	0.240636743318	0.238503846085
SZMB5	0.268264508402	0.218037105625	0.161169311162	0.0	0.300553801454	0.248900710253
SZMB9	0.216557151724	0.248012243415	0.240636743318	0.300553801454	0.0	0.224032358306
SZMB10	0.253579534864	0.25645392608	0.238503846085	0.248900710253	0.224032358306	0.0