	SZ.SC4	SZ.SC7	SZ.SC5	SZ.SC2	SZ.SC1	SZ.SC6
SZ.SC4	0.0	0.725117067597	0.796864016926	0.705285249272	0.823570620251	0.828835437499
SZ.SC7	0.725117067597	0.0	0.745121335432	0.570150073625	0.812772998015	0.935007890045
SZ.SC5	0.796864016926	0.745121335432	0.0	0.710604221243	0.934108823754	0.384774966865
SZ.SC2	0.705285249272	0.570150073625	0.710604221243	0.0	0.809964508031	0.857672796865
SZ.SC1	0.823570620251	0.812772998015	0.934108823754	0.809964508031	0.0	0.973143992865
SZ.SC6	0.828835437499	0.935007890045	0.384774966865	0.857672796865	0.973143992865	0.0