	SZ.SC4	SZ.SC7	SZ.SC5	SZ.SC2	SZ.SC1	SZ.SC6
SZ.SC4	0.0	0.326889228692	0.260629010043	0.413079819982	0.634351113583	0.290470782675
SZ.SC7	0.326889228692	0.0	0.527841530239	0.261327717841	0.512649559407	0.569806124612
SZ.SC5	0.260629010043	0.527841530239	0.0	0.570103394501	0.814223400576	0.101330357937
SZ.SC2	0.413079819982	0.261327717841	0.570103394501	0.0	0.441294328124	0.612501330624
SZ.SC1	0.634351113583	0.512649559407	0.814223400576	0.441294328124	0.0	0.854260749299
SZ.SC6	0.290470782675	0.569806124612	0.101330357937	0.612501330624	0.854260749299	0.0